rotation_angle	 	 	initial	0	1	2	3	4	5	6	7	8	9	10	11	12	13	14	15	16	17	18	19	20	21	22	23	24	25	26	27	28	29	30	31	32	33	34	35	36	37	38	39	40	
triceps	length	1	0.014065917919510364	0.014065917919510371	0.014205670059563176	0.014337837940983554	0.014471357415101161	0.014600270909841017	0.014707301950916766	0.014818292266363537	0.014933887870209894	0.015054957259426256	0.015182677408436849	0.015318671438694033	0.015465247734604467	0.015561049493977736	0.015659252051069654	0.015763030802991723	0.015873791328764326	0.015993408294308453	0.016124466880180464	0.01626484199072219	0.016347273306703349	0.016436661161377566	0.016534815204080445	0.016644152796864126	0.016768069340449363	0.016911630295455123	0.017008057159510585	0.017086061301008478	0.017173493982388603	0.017272782335067724	0.017388013304505585	0.017524921679597755	0.017694298343268279	0.017789025142345156	0.01786099885370972	0.017938662047699588	0.018022570403569325	0.018113553749257025	0.018213740729410455	0.018324912309057331	0.018450920209888054	0.018602064463116852	
triceps	length	2	0.014065917919510364	0.014065917919510364	0.014205670059563176	0.014337837940983549	0.014471357394816999	0.014600270885842965	0.014707301950916773	0.014818292266363537	0.014933887870209899	0.01505495725942628	0.015182677408436825	0.015318671438694019	0.015465247734604474	0.015561049602160501	0.015659252051069668	0.015763030802991716	0.015873791328764337	0.015993408294308446	0.016124466880180481	0.016264841998585331	0.016347273440963459	0.016436661161377566	0.016534815204669071	0.016644152776626068	0.016768069315420776	0.016911630295487264	0.017008057137626952	0.017086061333607561	0.017173493982389067	0.017272782335067731	0.017388013287685647	0.017524921679597766	0.017694298343268272	0.017789025122003543	0.017860998853709731	0.017938662047699599	0.018022570403569346	0.018113553749257005	0.018213740729410465	0.018324912309057324	0.018450920209888037	0.018602064463116852	
triceps	length	3	0.014065917919510364	0.014065917919510378	0.014205670059563176	0.014337837940983542	0.014471357382436285	0.014600270867503326	0.014707301950916773	0.014818292266363536	0.014933887870209885	0.015054957259426273	0.015182677408436844	0.015318671438694038	0.015465247734604462	0.01556104975591047	0.01565925205106965	0.015763030802991723	0.01587379132876433	0.015993408294308443	0.016124466880180464	0.016264842003197919	0.016347273593459805	0.016436661161377545	0.016534815205677299	0.016644152760617644	0.016768069303841726	0.016911630295531666	0.017008057126390735	0.017086061442391182	0.017173493982389057	0.017272782335067724	0.017388013282954976	0.017524921679597755	0.017694298343268276	0.017789025115686221	0.017860998853709734	0.017938662047699592	0.018022570403569346	0.018113553749257019	0.018213740729410465	0.018324912309057331	0.01845092020988804	0.018602064463116845	
triceps	length	4	0.014065917919510364	0.014065917919510364	0.014205670059563176	0.01433783794098354	0.014471357383550066	0.014600270863154716	0.014707301950916766	0.01481829226636355	0.014933887870209902	0.01505495725942628	0.015182677408436837	0.015318671438694038	0.015465247734604467	0.01556104997117325	0.015659252051069647	0.015763030802991716	0.015873791328764337	0.015993408294308443	0.016124466880180474	0.016264842003326042	0.016347273788831478	0.016436661161377555	0.016534815207616446	0.016644152768998069	0.016768069317790596	0.016911630295607143	0.017008057136184137	0.01708606157039104	0.017173493982389064	0.017272782335067731	0.017388013299171882	0.017524921679597755	0.017694298343268279	0.01778902513545623	0.017860998853709724	0.017938662047699595	0.018022570403569346	0.018113553749257019	0.018213740729410489	0.018324912309057324	0.01845092020988804	0.018602064463116855	
triceps	length	5	0.014065917919510364	0.014065917919510371	0.014205670059563167	0.014337837940983526	0.014471357404875752	0.014600270879724304	0.014707301950916763	0.014818292266363543	0.014933887870209895	0.015054957259426276	0.015182677408436828	0.015318671438694035	0.015465247734604465	0.015561050275892068	0.01565925205106965	0.015763030802991709	0.01587379132876433	0.015993408294308432	0.016124466880180474	0.016264842012301137	0.016347274057439153	0.016436661161377552	0.016534815212058393	0.016644152822055412	0.016768069379398773	0.016911630295781924	0.017008057176268989	0.01708606174756544	0.01717349398238906	0.017272782335067724	0.017388013348183955	0.017524921679597752	0.017694298343268286	0.017789025196909052	0.017860998853709731	0.017938662047699599	0.018022570403569336	0.018113553749257015	0.018213740729410611	0.01832491230905732	0.018450920209888044	0.018602064463116855	
triceps	length	6	0.014065917919510364	0.014065917919510364	0.014205670059563176	0.014337837940983499	0.014471357456463892	0.014600270927919068	0.014707301950916773	0.014818292266363537	0.014933887870209897	0.015054957259426278	0.015182677408436833	0.015318671438694038	0.015465247734604464	0.015561050729023649	0.01565925205106965	0.015763030802991712	0.015873791328764326	0.015993408294308439	0.016124466880180481	0.016264842044694371	0.016347274462114876	0.016436661161377548	0.016534815225643859	0.016644152924221202	0.016768069493286294	0.016911630296440945	0.01700805727051519	0.017086062025114441	0.017173493982389071	0.017272782335067727	0.017388013453593757	0.017524921679597748	0.017694298343268286	0.017789025334967054	0.017860998853709745	0.017938662047699606	0.018022570403569346	0.018113553749257015	0.018213740729408769	0.01832491230905732	0.018450920209888044	0.018602064463116855	
triceps	length	7	0.014065917919510364	0.014065917919510364	0.01420567005956317	0.014337837940983662	0.014471357559673079	0.014600271032027519	0.014707301950916773	0.014818292266363536	0.014933887870209899	0.015054957259426278	0.015182677408436832	0.015318671438694042	0.015465247734604465	0.015561051492914169	0.01565925205106965	0.015763030802991712	0.01587379132876433	0.015993408294308436	0.016124466880180478	0.016264842134668153	0.016347275212475934	0.016436661161377552	0.016534815287488479	0.01664415317293761	0.016768069755368695	0.016911630304512228	0.017008057503883293	0.017086062806605764	0.017173493982388825	0.017272782335067727	0.017388013685374383	0.017524921679597748	0.017694298343268283	0.017789025687509317	0.017860998853709759	0.017938662047699602	0.018022570403569339	0.018113553749257015	0.018213740729464082	0.01832491230905732	0.018450920209888037	0.018602064463116855	
triceps	length	8	0.014065917919510364	0.014065917919510363	0.01420567005956317	0.014337837941018956	0.014471357789102033	0.01460027126932115	0.014707301950916773	0.014818292266363539	0.014933887870209899	0.01505495725942628	0.015182677408436835	0.015318671438694038	0.015465247734604465	0.015561052023576206	0.015659252051069644	0.015763030802991709	0.01587379132876433	0.015993408294308436	0.016124466880180481	0.016264877757732728	0.01634747347399065	0.016437042646537066	0.016535386219288468	0.016644914345134171	0.016769019030362736	0.016912761858397234	0.017009290282687588	0.017087365059357641	0.01717486012452479	0.017274204332073544	0.017389477764948504	0.017526403917633267	0.017695755354873614	0.017790445639934538	0.017862379487557194	0.017939989624822513	0.018023828164863413	0.018114721131638204	0.018214317907238958	0.018324773429613403	0.018450208022742578	0.018600846471190723	
triceps	length	9	0.014065917919510364	0.014065917919510364	0.014205670059563177	0.014337845699699904	0.014471609512576858	0.014600730757773439	0.014707909708881995	0.014819028112900421	0.014934729259306197	0.015055878770830658	0.015183649762280911	0.015319659953394784	0.01546620982954201	0.015561972553784246	0.015660109216474628	0.015763799081485539	0.015874439510127455	0.015993897460844869	0.01612474678464014	0.016264923712757309	0.016347500660249269	0.0164370676255974	0.016535413901069981	0.016644945507164426	0.016769053817694779	0.016912801166364018	0.017009332947814995	0.017087410309696103	0.017174908749190081	0.017274256782132947	0.017389232238826033	0.017525763458596997	0.017694933162922727	0.017789112992493361	0.017860767635841764	0.017938480104642399	0.018022762795695285	0.01811438935836852	0.018214317907211189	0.01832477342961341	0.018450208022742574	0.018600846471190712	
triceps	length	10	0.014065917919510364	0.014065917919510364	0.014205670059563169	0.014337216670430081	0.0144708430732194	0.014599936218232365	0.014707033638080399	0.014818122079256407	0.014933808453693366	0.015054935367888957	0.015182671561069732	0.015318660247876238	0.015465281580788985	0.015560976779756623	0.015659063512805469	0.015762719895428615	0.015873340422643791	0.015992801804337715	0.016123713688185718	0.016264062695436756	0.016346449912994658	0.016435883892174447	0.016534142049121597	0.01664361616146413	0.01676768181510151	0.016911397193286878	0.017007885997429414	0.017086117364115517	0.017174003173509419	0.017273932361896692	0.017389222311434364	0.017525763458602312	0.017694933162922727	0.01778911263645926	0.017860767635842992	0.017938480104642395	0.018022762795695278	0.01811438935836852	0.018214317907206814	0.018324773429613396	0.018450208022742581	0.018600846471190719	
triceps	length	11	0.014065917919510364	0.014065917919510364	0.014205670059563177	0.014337216670430027	0.014470842701641614	0.01459993595739246	0.014707033638080399	0.014818122079256401	0.01493380845369336	0.015054935367888957	0.015182671561069727	0.01531866024787623	0.015465281580788985	0.015560975489258137	0.015659063512805466	0.015762719895428618	0.015873340422643784	0.015992801804337712	0.016123713688185725	0.016264062476712145	0.016346448583618577	0.016435883892174447	0.01653414197027658	0.016643615835581386	0.016767681490218699	0.016911397186140667	0.017007885737698111	0.017086116546916219	0.017174003173509443	0.017273932361896678	0.017389222129074514	0.017525763458602319	0.017694933162922727	0.017789112479780413	0.017860767635843062	0.017938480104642399	0.018022762795695285	0.018114389358368527	0.018214317907206123	0.01832477342961341	0.018450208022742574	0.018600846471190719	
triceps	length	12	0.014065917919510364	0.014065917919510363	0.014205670059563164	0.014337216670430019	0.014470842539223759	0.014599935803611245	0.014707033638080404	0.014818122079256407	0.014933808453693367	0.015054935367888956	0.015182671561069725	0.015318660247876242	0.015465281580788977	0.015560974703618603	0.015659063512805473	0.015762719895428615	0.015873340422643784	0.015992801804337719	0.016123713688185722	0.016264062413362871	0.016346448034204823	0.016435883892174444	0.016534141951527481	0.016643615692722751	0.016767681338473093	0.016911397185694121	0.017007885622363241	0.01708611625978081	0.017174003173509447	0.017273932361896692	0.017389222037929652	0.017525763458602319	0.017694933162922727	0.017789112398211848	0.017860767635843065	0.017938480104642395	0.018022762795695282	0.018114389358368517	0.018214317907206019	0.01832477342961341	0.018450208022742574	0.018600846471190709	
triceps	length	13	0.014065917919510364	0.014065917919510352	0.014205670059563179	0.014337216670430031	0.014470842445905368	0.014599935720583707	0.014707033638080397	0.0148181220792564	0.01493380845369336	0.01505493536788895	0.015182671561069738	0.015318660247876231	0.015465281580788977	0.01556097425979169	0.015659063512805459	0.015762719895428615	0.015873340422643788	0.015992801804337708	0.016123713688185711	0.016264062390357853	0.016346447706449996	0.016435883892174454	0.016534141946170634	0.016643615611281894	0.016767681244658949	0.016911397185545123	0.017007885557983989	0.017086116068741587	0.017174003173509401	0.017273932361896678	0.017389221978989094	0.017525763458602309	0.017694933162922727	0.017789112348584331	0.017860767635843072	0.017938480104642399	0.018022762795695282	0.018114389358368527	0.018214317907205992	0.018324773429613396	0.018450208022742574	0.018600846471190733	
triceps	length	14	0.014065917919510364	0.014065917919510363	0.014205670059563165	0.014337216670430022	0.014470842388000818	0.014599935673998638	0.014707033638080397	0.0148181220792564	0.014933808453693373	0.015054935367888963	0.015182671561069725	0.015318660247876242	0.015465281580788977	0.015560973980721622	0.015659063512805473	0.015762719895428611	0.015873340422643788	0.015992801804337719	0.016123713688185722	0.016264062385551236	0.016346447491517202	0.016435883892174444	0.016534141944025447	0.016643615570262216	0.016767681193339601	0.016911397185416684	0.017007885512402614	0.017086115927239159	0.017174003173509381	0.017273932361896692	0.017389221926202913	0.017525763458602329	0.017694933162922727	0.017789112302601419	0.017860767635843069	0.017938480104642406	0.018022762795695271	0.018114389358368517	0.01821431790720594	0.018324773429613396	0.01845020802274256	0.018600846471190709	
triceps	length	15	0.014065917919510364	0.014065917919510363	0.014205670059563177	0.014337216670430022	0.014470842350501802	0.014599935649203538	0.014707033638080409	0.0148181220792564	0.01493380845369336	0.01505493536788895	0.015182671561069725	0.015318660247876231	0.015465281580788991	0.015560973805680143	0.015659063512805473	0.015762719895428615	0.015873340422643798	0.015992801804337708	0.016123713688185725	0.016264062388014557	0.016346447355968866	0.016435883892174444	0.016534141943043316	0.016643615540620597	0.016767681147912081	0.016911397185261259	0.017007885464018675	0.017086115799209968	0.017174003173509388	0.017273932361896692	0.017389221857796826	0.017525763458602309	0.017694933162922741	0.017789112231907121	0.017860767635843048	0.017938480104642385	0.018022762795695282	0.018114389358368527	0.018214317907205908	0.01832477342961341	0.018450208022742574	0.018600846471190709	
triceps	length	16	0.014065917919510364	0.014065917919510364	0.014205670059563177	0.014337216670430022	0.014470842322608646	0.014599935636627398	0.014707033638080397	0.01481812207925641	0.01493380845369336	0.015054935367888963	0.015182671561069725	0.01531866024787623	0.015465281580788977	0.015560973709593702	0.015659063512805459	0.015762719895428625	0.015873340422643774	0.015992801804337719	0.016123713688185722	0.016264062379206315	0.016346447299786793	0.016435883892174454	0.016534141942734403	0.01664361550047893	0.016767681092177293	0.01691139718503203	0.017007885395186214	0.017086115677565836	0.017174003173509433	0.017273932361896682	0.017389221759864112	0.017525763458602309	0.017694933162922716	0.017789112142938435	0.017860767635843076	0.017938480104642409	0.018022762795695285	0.018114389358368527	0.018214317907206536	0.018324773429613406	0.018450208022742574	0.018600846471190733	
triceps	length	17	0.014065917919510378	0.014065917919510363	0.014205670059563167	0.01433721667043001	0.014470842292451366	0.014599935623442759	0.014707033638080397	0.014818122079256387	0.014933808453693362	0.015054935367888964	0.015182671561069725	0.015318660247876254	0.015465281580788966	0.015560973682393873	0.015659063512805469	0.015762719895428615	0.015873340422643788	0.015992801804337705	0.016123713688185722	0.016264062369253315	0.016346447448733131	0.016435883892174451	0.016534141943384057	0.016643615457612219	0.016767680988743133	0.0169113971845649	0.017007885311103151	0.017086116106024445	0.017174003173509436	0.017273932361896678	0.017389221861079895	0.017525763458602319	0.017694933162922741	0.017896188086542971	0.01809040977974221	0.018275109804682162	0.018449271297184461	0.018611381519642121	0.018758645732357384	0.018887396110955332	0.018990188651373741	0.019048644702379904	
triceps	length	18	0.014065917919510354	0.014065917919510352	0.014205670059563164	0.014337216670430022	0.01447084224581931	0.014599935593478787	0.014707033638080397	0.01481812207925641	0.014933808453693373	0.015054935367888938	0.015182671561069724	0.015318660247876233	0.015465281580788989	0.015560973753556688	0.015659063512805473	0.015762719895428611	0.015873340422643784	0.015992801804337712	0.016123713688185697	0.016264062414700676	0.016346448071188988	0.016435883892174454	0.01653414195020254	0.016643615578914656	0.016767681353069594	0.016911397192283822	0.017098722127037013	0.017281219368819874	0.017442276032624077	0.017576876484704372	0.017676894994108263	0.017728908738442257	0.017705967834579932	0.017840848345366426	0.018027723580817202	0.018204852146499105	0.018371329657779389	0.018525796353667801	0.018665698388584531	0.018787683077803759	0.018884854380174856	0.0189400277118799	
triceps	length	19	0.014065917919510354	0.014065917919510378	0.01420567005956319	0.014337216670430048	0.014470842179703866	0.014599935543437364	0.014707033638080397	0.014818122079256413	0.014933808453693374	0.015054935367888961	0.015182671561069748	0.015318660462635596	0.015465281934442961	0.015560974397045192	0.015659063512805473	0.015762719895428611	0.015873340422643809	0.015992801804337729	0.016123713762144148	0.01627415015894907	0.016472521528603873	0.016647450908277177	0.01679424436581246	0.016906271727421627	0.016973611147823454	0.016980356915273508	0.017108012183329798	0.017288149676382456	0.017446906385046406	0.017579419295433753	0.017677781824039819	0.017728897340658474	0.017706355772369127	0.017838814156425627	0.018022022537453934	0.018195311482252015	0.018357825085818871	0.018508275983501861	0.018644234198531544	0.018762521661503825	0.018856562251177062	0.01890988036062673	
triceps	length	20	0.014065917919510354	0.014065917919510352	0.014205670059563164	0.014337216670430022	0.014470842124184409	0.01459993548108799	0.014707033638080421	0.014818122079256386	0.01493380845369335	0.015054935367888964	0.015182671561069727	0.015318660245408715	0.015465281576795411	0.015682579188583186	0.015879267987240375	0.016048707142575881	0.016185548821090651	0.016282341351028268	0.016328161454533342	0.016326897202916992	0.016525673981807962	0.016700821274923814	0.016847691325474267	0.016959707329696844	0.017027009493745221	0.017033750172351494	0.017161265257863746	0.017341052271567004	0.01749934274825329	0.017631346189676832	0.017729255810154443	0.017780109742134113	0.017757685767500812	0.017889401180309031	0.018071365804437075	0.018243229367612218	0.018404166548908418	0.018552933087757646	0.01868716691428295	0.018803784905007039	0.018896377414070586	0.018948824112060277	
triceps	length	21	0.014065917919510354	0.014065917919510373	0.014205670059563167	0.014337216670430019	0.014470842993280218	0.014661903868707462	0.014898132543475899	0.015107553785050961	0.015285936858315649	0.01542766372372519	0.015524994478045841	0.015566793742284623	0.015536164529669201	0.015749753664457366	0.015950335070755776	0.016123146031016871	0.016262713650994978	0.016361432027957701	0.016408162331456786	0.016406872958907064	0.016609579907982678	0.01678815216670981	0.016937853785084278	0.017051997745027841	0.01712056299799853	0.017127429498768144	0.017257298610135988	0.017440309601171294	0.017601329684356688	0.017735518205019455	0.017834988170498913	0.017886630462586716	0.017863860778167841	0.017997561334666762	0.018182072358848951	0.018356102935872289	0.018518829383824587	0.018669016155950856	0.018804315452772589	0.01892167457962619	0.019014721801221348	0.019067369733528874	
triceps	length	22	0.014065917919510354	0.014065917919510354	0.014205670059563164	0.014337216670430022	0.014399654377487945	0.014455818124704053	0.014643357141136563	0.014812848016636335	0.014959746038368702	0.015078195397990921	0.015160466676244246	0.01519603636004959	0.015169957852701315	0.015353464096269564	0.015529445584542393	0.015684077414709681	0.015811117884836124	0.015902193827989512	0.015945670328253621	0.015944467519259122	0.01613585382606212	0.016308462885084699	0.016456264654216991	0.016570975952009896	0.01664076029940843	0.016647786225880125	0.016781988028661644	0.016975564843878986	0.017150527632876899	0.017299926042010166	0.017412923583293053	0.017472384460179711	0.017446098904010936	0.017602038307552539	0.017823919254678706	0.018041027339045203	0.018251711468368681	0.018453513404575388	0.018642048928583885	0.018811326569459448	0.018949706524222499	0.019029767771576292	
triceps	length	23	0.014065917919510354	0.014065917919510373	0.014205670059563193	0.014337216670430022	0.014399654402328821	0.014455818175127845	0.014643357141136569	0.014812848016636314	0.014959746038368731	0.015078195397990914	0.015160466676244258	0.015196036360049578	0.015169957852701303	0.015353463193391368	0.015529445584542402	0.015684077414709695	0.015811117884836121	0.015902193827989495	0.015945670328253607	0.015944467518435774	0.016135852889397614	0.016308462885084692	0.016456264643938533	0.016570975877286332	0.016640760195747523	0.016647786224654099	0.016781987965105064	0.016975564135126669	0.017150527632875404	0.017299926042010194	0.017412923434994551	0.017472384460179714	0.017446098904010943	0.017602038092767228	0.017823919254678761	0.018041027339045231	0.018251711468368691	0.018453513404575426	0.018642048928599886	0.018811326569459472	0.018949706524222527	0.019029767771576278	
triceps	length	24	0.014065917919510401	0.014065917919510354	0.014205670059563164	0.014337216670430026	0.014399654501725506	0.014455818250198219	0.014643357141136569	0.014812848016636335	0.014959746038368702	0.015078195397990903	0.015160466676244258	0.01519603636004959	0.015169957852701303	0.015353463018197011	0.015529445584542393	0.015684077414709681	0.015811117884836124	0.015902193827989512	0.015945670328253621	0.015944467528535431	0.016135852506529019	0.016308462885084699	0.016456264642532602	0.016570975916647215	0.016640760273630793	0.016647786224506543	0.016781988073676143	0.016975564271828215	0.017150527632875359	0.017299926042010156	0.017412923563603622	0.017472384460179711	0.017446098904010936	0.017602038226865777	0.017823919254678723	0.018041027339045185	0.018251711468368695	0.018453513404575388	0.018642048928599882	0.018811326569459448	0.018949706524222527	0.019029767771576278	
biceps	length	1	0.015599661282157881	0.015641400819334138	0.015601205247626317	0.015550955832396152	0.015493241403219938	0.015429657555614052	0.015372539746603577	0.015316064092186049	0.015234923339466348	0.015144540778858287	0.01504583142212689	0.014940668614179104	0.0148277747435761	0.014708291475969679	0.014582033878615862	0.014449447819446513	0.014311012600772487	0.014167241348644602	0.014018681353214952	0.013865914326993588	0.013709556546351412	0.013550258834394919	0.013388706335267678	0.01322561802115029	0.013061745863978005	0.012897873594561545	0.012734814962968506	0.012573411406500043	0.012414529026441017	0.012259054773292009	0.012107891743964184	0.011961953505154121	0.01182215737656842	0.011689416637390036	0.01156463166045274	0.01144868003123862	0.01134245836488222	0.011247266443785889	0.011164653314816862	0.011095683605871529	0.011042436589764852	0.011009742939380642	
biceps	length	2	0.015599661282157881	0.015641400820095908	0.015601205235948766	0.015550955872758787	0.015493241370801616	0.015429657561706771	0.01537253973926655	0.01531606406008533	0.015234923318590254	0.015144540778858287	0.015045831422934215	0.014940668614179118	0.014827774742799355	0.014708291475969679	0.014582033878615836	0.014449447819446523	0.014311012600772477	0.014167241348644589	0.014018681353214976	0.013865914326993576	0.01370955654635141	0.013550258834394919	0.013388706335267645	0.013225618021150265	0.013061745863978019	0.012897873594561579	0.01273481496296852	0.012573411406500031	0.012414529026441018	0.012259054773292017	0.012107891743964162	0.011961953505154109	0.011822157376568443	0.011689416637390022	0.01156463166045274	0.011448680031238584	0.01134245836488223	0.011247266417084432	0.011164653298289223	0.011095683590173721	0.011042436571613922	0.011009742920521086	
biceps	length	3	0.015599661282157881	0.015641400818414565	0.015601205219841046	0.015550955963025186	0.015493241341199372	0.015429657622001979	0.015372539747749435	0.015316064041284718	0.015234923307138501	0.015144540778858288	0.015045831423369993	0.014940668614179102	0.014827774741651083	0.014708291475969665	0.014582033878615862	0.014449447819446523	0.014311012600772477	0.0141672413486446	0.014018681353214962	0.013865914326993588	0.013709556546351412	0.013550258834394919	0.013388706335267654	0.013225618021150288	0.013061745863978017	0.012897873594561545	0.012734814962968506	0.012573411406500043	0.012414529026440992	0.012259054773292019	0.012107891743964162	0.011961953505154107	0.011822157376568431	0.011689416637390036	0.01156463166045273	0.011448680031238606	0.011342458364882225	0.011247266390527082	0.01116465327914737	0.011095683574424819	0.011042436552272493	0.011009742902075442	
biceps	length	4	0.015599661282157883	0.015641400811880549	0.01560120520354559	0.015550956116778822	0.015493241338042474	0.015429657718067164	0.015372539780827603	0.015316064054494991	0.01523492331705808	0.015144540778858288	0.015045831418516207	0.014940668614179116	0.014827774739804544	0.014708291475969679	0.014582033878615876	0.014449447819446513	0.014311012600772487	0.0141672413486446	0.014018681353214974	0.013865914326993588	0.013709556546351399	0.013550258834394919	0.013388706335267668	0.013225618021150276	0.013061745863978005	0.012897873594561555	0.012734814962968497	0.012573411406500043	0.012414529026440994	0.012259054773292031	0.012107891743964164	0.011961953505154107	0.011822157376568431	0.011689416637390036	0.01156463166045273	0.011448680031238596	0.011342458364882121	0.01124726636853576	0.011164653259959158	0.011095683561350052	0.01104243653367042	0.011009742888734925	
biceps	length	5	0.015599661282157883	0.015641400808919591	0.015601205197340016	0.015550956355451024	0.015493241379451414	0.015429657863429097	0.015372539850758602	0.015316064114021493	0.015234923359136966	0.015144540778858288	0.015045831410132243	0.014940668614179116	0.014827774737038729	0.014708291475969667	0.014582033878615864	0.014449447819446523	0.014311012600772477	0.0141672413486446	0.014018681353214964	0.013865914326993588	0.01370955654635141	0.013550258834394919	0.013388706335267656	0.013225618021150276	0.013061745863978017	0.012897873594561555	0.012734814962968508	0.012573411406500031	0.012414529026441006	0.012259054773292017	0.012107891743964162	0.011961953505154121	0.011822157376568441	0.011689416637390036	0.01156463166045273	0.011448680031238596	0.011342458364881722	0.011247266356835232	0.011164653245386512	0.011095683554815194	0.011042436518791703	0.011009742887143561	
biceps	length	6	0.015599661282157876	0.015641400829327367	0.015601205212789841	0.015550956725906884	0.015493241485365419	0.015429658087250421	0.01537253997737458	0.015316064240002061	0.015234923448084506	0.015144540778858287	0.015045831409222681	0.014940668614179116	0.014827774734521099	0.014708291475969667	0.014582033878615864	0.014449447819446523	0.014311012600772487	0.0141672413486446	0.014018681353214974	0.013865914326993588	0.01370955654635141	0.013550258834394919	0.013388706335267656	0.013225618021150276	0.013061745863978017	0.012897873594561555	0.012734814962968508	0.012573411406500043	0.012414529026440994	0.012259054773292019	0.012107891743964162	0.011961953505154107	0.011822157376568431	0.011689416637390036	0.011564631660452742	0.011448680031238596	0.011342458364880367	0.011247266361500549	0.011164653243336448	0.011095683559552162	0.011042436511563206	0.011009742905680528	
biceps	length	7	0.015599661282157876	0.015641400903207297	0.015601205247946042	0.015550957383111635	0.015493241695378022	0.015429658477026306	0.015372540197146171	0.015316064486087761	0.01523492361607344	0.015144540778858288	0.015045831430483396	0.014940668614179104	0.014827774732889987	0.014708291475969667	0.014582033878615869	0.014449447819446523	0.014311012600772487	0.014167241348644602	0.014018681353214964	0.013865914326993588	0.013709556546351412	0.013550258834394919	0.013388706335267656	0.013225618021150288	0.013061745863978019	0.012897873594561545	0.012734814962968508	0.012573411406500043	0.012414529026440994	0.012259054773292031	0.012107891743964174	0.011961953505154107	0.011822157376568431	0.011689416637390036	0.01156463166045273	0.011448680031238596	0.011342458364876355	0.011247266389430063	0.011164653263806355	0.011095683581439015	0.011042436517023038	0.011009742955679521	
biceps	length	8	0.015599661282157874	0.015642147958988429	0.015601205679280365	0.01555096002368068	0.015493242106257599	0.015429659969796321	0.015372540652427168	0.015316064948610261	0.015234924038781437	0.015144540778858288	0.015045831500656302	0.014940668614179111	0.014827774733537987	0.014708291475969682	0.014582033878615869	0.014449447819446523	0.014311012600772477	0.0141672413486446	0.014018681353214957	0.013865914326993588	0.013709556546351415	0.013550258834394913	0.013388706335267649	0.013225618021150281	0.013061745863978022	0.012897873594561557	0.012734814962968513	0.012573411406500036	0.012414529026440994	0.012259054773292012	0.012107891743964164	0.011961953505154114	0.011822157376568441	0.011689416637390036	0.01156463166045273	0.011448680031238606	0.011342458364875855	0.011247266450463134	0.011164653312830956	0.011095683628927372	0.011042436542405826	0.011009743055257095	
biceps	length	9	0.015599661282157876	0.015642080776221097	0.015601719728456876	0.015552260492985387	0.015494868147577848	0.015431272255696082	0.015373915331101348	0.015317066412717089	0.015235552837372822	0.015144741873015007	0.015045832584685514	0.014940668614179099	0.014827774734592106	0.014708291475969675	0.014582033878615862	0.014449447819446525	0.01431101260077248	0.014167241348644598	0.014018681353214957	0.013865914326993588	0.013709556546351417	0.013550258834394925	0.013388706335267649	0.013225618021150281	0.013061745863978024	0.012897873594561555	0.012734814962968509	0.012573411406500038	0.012414529026440989	0.012259054773292017	0.012107891743964167	0.011961953505154103	0.011822157376568424	0.011689416637390041	0.011564631660452736	0.011448680031238596	0.011342458365149889	0.01124726655562442	0.011164653400339087	0.011095683716915515	0.011042436601088968	0.011009743244089844	
biceps	length	10	0.015599661282157876	0.015642078500794607	0.015601717329777803	0.015552257550723939	0.015494864485996809	0.015431267857186652	0.015373910234454155	0.015317061248918212	0.015235547991693387	0.015144732700535778	0.015045623968930284	0.014939966218258313	0.014827774733858677	0.014708291475969675	0.01458203387861586	0.01444944781944652	0.014311012600772484	0.014167241348644607	0.014018681353214957	0.013865914326993597	0.013709556546351415	0.013550258834394931	0.013388706335267645	0.013225618021150288	0.013061745863978029	0.012897873594561547	0.012734814962968515	0.012573411406500036	0.012414529026440992	0.012259054773292017	0.012107891743964178	0.011961953505154107	0.011822157376568431	0.011689416637390041	0.011564631660452723	0.011448680031238601	0.011342458369821562	0.011247266731331817	0.011164653559945016	0.011095683880081812	0.011042436741301296	0.011009743682994773	
biceps	length	11	0.015599661282157876	0.015642140878567752	0.015601774553866616	0.015552309022953374	0.015494911700832659	0.015431309261894404	0.015373948966444492	0.015317096397927362	0.015234649423577122	0.015143515871579345	0.015045623633291174	0.014939966218258318	0.014827774732700371	0.014708291475969677	0.014582033878615864	0.014449447819446523	0.014311012600772477	0.0141672413486446	0.014018681353214961	0.01386591432699359	0.013709556546351412	0.013550258834394922	0.013388706335267642	0.013225618021150288	0.013061745863978029	0.012897873594561555	0.012734814962968508	0.01257341140650004	0.012414529026440992	0.012259054773292017	0.012107891743964167	0.011961953505154109	0.011822157376568431	0.011689416637390041	0.01156463166045273	0.011448680031238601	0.011342458441788036	0.01124726696070583	0.011164653871273024	0.011095684443843356	0.01104267065614766	0.011010704800717445	
biceps	length	12	0.015599661282157878	0.01564035692439928	0.015599708241107929	0.015550431153942846	0.015493373299557717	0.015430057282299108	0.015372903825339861	0.01531612510750446	0.015234648577725952	0.015143515871579361	0.015045623569724656	0.014939966218258318	0.014827774733678802	0.014708291475969675	0.014582033878615862	0.014449447819446522	0.01431101260077248	0.014167241348644602	0.014018681353214962	0.01386591432699359	0.013709556546351417	0.013550258834394931	0.013388706335267649	0.013225618021150284	0.013061745863978024	0.012897873594561553	0.012734814962968515	0.01257341140650004	0.012414529026440992	0.012259054773292019	0.012107891743964167	0.01196195350515411	0.011822157376568431	0.011689416637390043	0.01156463166045273	0.011448680031238606	0.011342378326819896	0.011247837333766737	0.011165192478849	0.011096133703708154	0.011042655163955124	0.011010678590638289	
biceps	length	13	0.015599661282157876	0.015640356755128034	0.015599708112637984	0.015550430128443636	0.015493372941344445	0.015430056423716589	0.015372903360906683	0.015316124756212263	0.015234648307368915	0.015143515871579362	0.015045623552204245	0.014939966218258318	0.014827774735960987	0.014708291475969679	0.014582033878615864	0.014449447819446517	0.01431101260077248	0.014167241348644595	0.014018681353214954	0.013865914326993594	0.01370955654635141	0.013550258834394931	0.013388706335267642	0.013225618021150284	0.013061745863978028	0.01289787359456155	0.012734814962968513	0.012573411406500036	0.012414529026440994	0.012259054773292016	0.012107891743964167	0.011961953505154109	0.011822157376568427	0.011689416637390046	0.011564631660452726	0.011448680031238606	0.011342378237853881	0.011247249342316143	0.011165186046341055	0.011096126374390664	0.011042645990100909	0.011010666569516755	
biceps	length	14	0.015599661282157876	0.015640356706969224	0.015599708072456477	0.015550429661718417	0.015493372761508781	0.015430056051138511	0.015372903144572741	0.015316124511769797	0.015234648165415492	0.015143515871579361	0.015045623554659776	0.014939966218258313	0.014827774738419848	0.014708291475969672	0.01458203387861586	0.01444944781944653	0.01431101260077248	0.014167241348644602	0.014018681353214961	0.013865914326993595	0.01370955654635142	0.013550258834394931	0.013388706335267645	0.013225618021150284	0.013061745863978024	0.012897873594561555	0.012734814962968513	0.01257341140650004	0.012414529026440992	0.012259054773292019	0.012107891743964171	0.011961953505154107	0.011822157376568431	0.011689416637390043	0.011564631660452728	0.011448680031238605	0.011342378236993751	0.011247249086934428	0.011164615274013214	0.011096129248129086	0.011042648123062791	0.011010667793802466	
biceps	length	15	0.015599661282157883	0.015640356692598542	0.015599708066488966	0.015550429388758152	0.015493372665167506	0.015430055829552246	0.015372903012844972	0.015316124374551605	0.015234648082467897	0.015143515871579364	0.015045623563121389	0.014939966218258318	0.014827774740390119	0.014708291475969675	0.014582033878615862	0.014449447819446517	0.014311012600772473	0.014167241348644607	0.014018681353214961	0.013865914326993587	0.013709556546351412	0.013550258834394927	0.013388706335267644	0.01322561802115029	0.013061745863978028	0.012897873594561552	0.012734814962968506	0.01257341140650004	0.012414529026440992	0.012259054773292019	0.012107891743964167	0.01196195350515411	0.011822157376568431	0.011689416637390048	0.011564631660452726	0.011448680031238605	0.011342378237117829	0.011247248902797017	0.011164615030471118	0.011095493120928128	0.011042648817175493	0.011010681352827926	
biceps	length	16	0.015599661282157883	0.015640356693291391	0.015599708063458046	0.015550429226573464	0.015493372620126865	0.015430055688163953	0.015372902930234812	0.015316124296633357	0.015234648033148963	0.015143515871579352	0.015045623567293132	0.014939966218258318	0.014827774741600875	0.01470829147596968	0.014582033878615869	0.014449447819446523	0.014311012600772484	0.0141672413486446	0.014018681353214964	0.013865914326993597	0.013709556546351412	0.013550258834394938	0.013388706335267639	0.013225618021150293	0.013061745863978026	0.012897873594561555	0.012734814962968513	0.01257341140650004	0.012414529026440989	0.012259054773292017	0.012107891743964171	0.011961953505154102	0.011822157376568431	0.011689416637390048	0.011564631660452728	0.011448680031238606	0.01134237823715036	0.011247248772353429	0.011164614880914811	0.011095492843968416	0.011042481224499171	0.011010356927703951	
biceps	length	17	0.015599661282157881	0.015640356696082176	0.015599708071834079	0.015550429137696548	0.015493372600852319	0.015430055599042104	0.015372902872446871	0.01531612425561569	0.015234648001529712	0.015143515871579364	0.015045623566097571	0.014939966218258318	0.014827774742304681	0.014708291475969673	0.014582033878615862	0.014449447819446523	0.014311012600772478	0.0141672413486446	0.014018681353214962	0.01386591432699359	0.01370955654635141	0.013550258834394927	0.013388706335267645	0.013225618021150284	0.013061745863978029	0.012897873594561547	0.012734814962968513	0.01257341140650004	0.012414529026440996	0.012259054773292009	0.012107891743964164	0.011961953505154114	0.011822157376568431	0.011689416637390043	0.011564631660452723	0.011448680031238605	0.011342378237158782	0.011247248678011806	0.011164614779717009	0.011095492706740977	0.011042481132819757	0.011011038590030477	
biceps	length	18	0.015599661282157881	0.015640356693936465	0.015599708071546658	0.015550429102777735	0.015493372576334079	0.015430055529380534	0.015372902816225636	0.015316124223022852	0.015234647961521925	0.015143515871579357	0.015045623563713821	0.014939966218258317	0.014827774742653928	0.014708291475969668	0.014582033878615869	0.014449447819446523	0.014311012600772489	0.014167241348644605	0.014018681353214957	0.013865914326993597	0.01370955654635141	0.013550258834394929	0.013388706335267645	0.013225618021150284	0.013061745863978029	0.012897873594561553	0.012734814962968515	0.012573411406500038	0.012414529026440992	0.012259054773292019	0.012107891743964165	0.011961953505154107	0.011822157376568427	0.01168941663739005	0.011564631660452728	0.011448680031238605	0.01134237823716122	0.011247248606719778	0.011164614703592776	0.011095492664100969	0.011042481245416432	0.011011072760177097	
biceps	length	19	0.015599661282157881	0.015640356687599995	0.015599708051571522	0.015550429081892036	0.015493372517903514	0.015430055435579997	0.015372902747593464	0.015316124145887323	0.01523464789284878	0.015143515871579352	0.015045623560008749	0.014939966218258311	0.014827774742580275	0.01470829147586074	0.014582033878615862	0.014449447819446523	0.01431101260077247	0.0141672413486446	0.014018681353214962	0.013865914326993583	0.013709556546351422	0.013550258834394927	0.013388706335267639	0.013225618021150284	0.013061745863978029	0.012897873594561553	0.012734814962968509	0.012573411406500038	0.012414529026440999	0.012259054773292019	0.012107891743964171	0.011961953505154107	0.011822157376568431	0.01168941663739005	0.011564631660452724	0.011448680031238601	0.011342378237161981	0.011247248548937518	0.011164614659651064	0.011095492718004639	0.011045536273748314	0.011009385404224883	
biceps	length	20	0.015599661282157881	0.015640356672127351	0.015599708002735743	0.015550429475408089	0.015493372494432344	0.01543005582463397	0.015372902862606154	0.015316124199570047	0.01523464783873954	0.015143515871579364	0.015045623558291017	0.014939966218258317	0.014827774741903279	0.014708291475968551	0.014582033878615862	0.014449447819446523	0.014311012600772489	0.0141672413486446	0.014018681353214952	0.013865914326993602	0.01370955654635141	0.013550258834394927	0.013388706335267645	0.013225618021150291	0.013061745863978029	0.01289787359456155	0.012734814962968515	0.012573411406500031	0.012414529026440992	0.012259054773292016	0.012107891743964164	0.011961953505154107	0.011822157376568431	0.011689416637390045	0.01156463166045273	0.011448680031238608	0.011342378237162309	0.011247248517685186	0.011164614670106508	0.011095492831639592	0.011042507674681191	0.011009384874726988	
biceps	length	21	0.015599661282157881	0.016036913983331444	0.015974799114620034	0.015892853015359896	0.015791143209903404	0.015670091700633777	0.015508270537389929	0.01532724242401867	0.015234648107411175	0.015143515871579364	0.01504562355491825	0.014939966218258318	0.014827774740949529	0.01470829147596857	0.014582033878615864	0.014449447819446511	0.014311012600772478	0.0141672413486446	0.014018681353214962	0.01386591432699359	0.013709556546351417	0.013550258834394934	0.013388706335267645	0.013225618021150284	0.013061745863978017	0.012897873594561553	0.012734814962968502	0.012573411406500043	0.012414529026440999	0.012259054773292019	0.012107891743964171	0.011961953505154107	0.011822157376568431	0.011689416637390043	0.01156463166045273	0.011448680031238606	0.011342378237162429	0.011247248525827386	0.011164614702084198	0.011095492734606706	0.011042507494706897	0.011009384635972463	
biceps	length	22	0.015599661282157881	0.015834545809036336	0.015805866302726884	0.01576607384291526	0.015714290719656583	0.015650017873251123	0.015508266496422903	0.015327240027160035	0.015234647850022995	0.015143515871579352	0.015045623556549835	0.014939966218258317	0.014827774740918488	0.014708291475968563	0.014582033878615862	0.014449447819446523	0.014311012600772482	0.0141672413486446	0.014018681353214962	0.013865914326993583	0.01370955654635141	0.013550258834394934	0.013388706335267645	0.013225618021150291	0.013061745863978029	0.012897873594561553	0.012734814962968509	0.012573411406500043	0.01241452902644098	0.012259054773292012	0.012107891743964165	0.011961953505154114	0.011822157376568431	0.011689416637390043	0.011564631660452717	0.011448680031238596	0.011342378237162474	0.011247248544192066	0.011164614699571246	0.011095492608721435	0.01104250743675006	0.011009384510747016	
biceps	length	23	0.015599661282157881	0.01583454582432026	0.015805866362338394	0.015766073436628895	0.01571429079940409	0.015650017338169446	0.015508266423285504	0.015327240055930016	0.015234647894731517	0.015143515871579381	0.015045623555263378	0.014939966218258325	0.01482777474099134	0.014708291475968553	0.014582033878615862	0.014449447819446529	0.014311012600772464	0.014167241348644593	0.014018681353214962	0.013865914326993611	0.013709556546351422	0.01355025883439492	0.013388706335267645	0.013225618021150291	0.013061745863978029	0.012897873594561541	0.012734814962968521	0.012573411406500031	0.012414529026440999	0.012259054773292019	0.012107891743964171	0.011961953505154107	0.011822157376568431	0.01168941663739005	0.01156463166045273	0.011448680031238606	0.011342378237162528	0.011247248538114998	0.011164614679175067	0.011095492555530708	0.011042507430168004	0.011009384449621183	
biceps	length	24	0.015599661282157841	0.015834545829714618	0.015805866377906267	0.015766073445350384	0.015714290845038222	0.015650017386784138	0.01550826648850811	0.015327240121189297	0.015234647958114571	0.015143515871579345	0.015045623562121706	0.014939966218258311	0.014827774740410587	0.014708291475968563	0.014582033878615862	0.014449447819446518	0.014311012600772489	0.014167241348644607	0.014018681353214952	0.013865914326993583	0.01370955654635141	0.013550258834394934	0.013388706335267639	0.013225618021150284	0.013061745863978029	0.01289787359456156	0.012734814962968509	0.012573411406500043	0.012414529026440992	0.012259054773292019	0.012107891743964165	0.011961953505154107	0.011822157376568431	0.01168941663739005	0.01156463166045273	0.011448680031238606	0.011342378237162514	0.011247248536364527	0.011164614688189621	0.01109549254859492	0.01104250744931491	0.01100938442342601	
