rotation_angle	 	 	0	1	2	3	4	5	6	7	8	9	10	11	12	13	14	15	16	17	18	19	20	21	22	23	24	25	26	27	28	29	30	31	32	33	34	35	36	37	38	39	40	
triceps-joint_elbow	moment_arm_node	1	-0.049372444370425511	-0.046688288257734398	-0.044909611827040202	-0.044934139904125758	-0.044954998041256286	-0.044969526389604997	-0.044981598281123622	-0.044990891601290633	-0.044997121161618789	-0.044999901169126916	-0.044998689498184696	-0.044992693256705796	-0.044986575311759133	-0.044977500567017464	-0.044966074265086406	-0.044951406500726765	-0.04493275682168435	-0.044909047300738122	-0.044886618038210924	-0.044899703789895121	-0.044915698230094961	-0.044932659186428497	-0.044949322252321386	-0.044965130849258531	-0.044979592248544489	-0.044987200111035699	-0.044992170492960504	-0.044995988101758186	-0.044998877161744721	-0.045000054065603368	-0.044998279429968632	-0.044991672888677822	-0.044985942614364435	-0.044980460982847539	-0.044973678475021789	-0.044965256816816762	-0.044954858855115493	-0.044941907505226877	-0.044925723587925848	-0.044905115315184069	-0.044877285931567271	
triceps-joint_elbow	moment_arm_node	2	-0.049372444370425608	-0.04668828825773455	-0.044909611827039994	-0.04493414094781277	-0.044954999349431951	-0.044969526389604969	-0.044981598281123622	-0.044990891601290495	-0.044997121161618789	-0.044999901169126957	-0.04499868949818478	-0.044992693256705671	-0.044986569228499002	-0.044977500567017381	-0.04496607426508635	-0.044951406500726862	-0.044932756821684461	-0.044909047300738081	-0.044886617610974386	-0.044899696525428079	-0.044915698230094947	-0.044932659154783255	-0.04494932330435468	-0.044965132141522646	-0.0449795922466453	-0.04498720122012323	-0.044992168785575243	-0.044995988101759685	-0.04499887716174461	-0.045000054881417353	-0.044998279429968674	-0.044991672888677794	-0.044985943597474709	-0.044980460982847692	-0.044973678475021733	-0.044965256816816818	-0.044954858855115534	-0.044941907505227072	-0.044925723587925945	-0.044905115315183972	-0.044877285931567104	
triceps-joint_elbow	moment_arm_node	3	-0.04937244437042565	-0.046688288257734537	-0.044909611827039911	-0.044934142586518233	-0.044955001700982614	-0.044969526389604858	-0.044981598281123761	-0.044990891601290481	-0.0449971211616189	-0.044999901169126916	-0.044998689498184793	-0.044992693256705629	-0.044986553561336892	-0.044977500567017326	-0.044966074265086364	-0.044951406500726862	-0.044932756821684391	-0.044909047300738067	-0.044886616905983612	-0.044899680072674128	-0.044915698230094989	-0.044932659062537794	-0.044949325272042734	-0.044965134070588678	-0.044979592241691568	-0.044987202936364101	-0.044992160694524719	-0.044995988101761183	-0.04499887716174461	-0.045000055902582464	-0.044998279429968674	-0.044991672888677905	-0.044985944881067177	-0.044980460982847761	-0.044973678475021719	-0.044965256816816915	-0.044954858855115493	-0.044941907505227127	-0.044925723587925945	-0.044905115315184013	-0.04487728593156709	
triceps-joint_elbow	moment_arm_node	4	-0.049372444370425636	-0.046688288257734412	-0.044909611827040313	-0.044934142811690808	-0.044955002852865147	-0.044969526389604858	-0.044981598281123816	-0.044990891601290467	-0.044997121161618886	-0.044999901169126819	-0.044998689498184766	-0.044992693256705615	-0.044986528711427581	-0.044977500567017353	-0.044966074265086364	-0.044951406500726723	-0.044932756821684239	-0.044909047300738053	-0.044886616622518735	-0.044899657367102538	-0.044915698230094961	-0.044932658867795766	-0.044949325552554778	-0.044965133676163907	-0.044979592232705645	-0.044987202797820924	-0.044992145584533141	-0.044995988101761142	-0.044998877161744624	-0.045000054913254942	-0.044998279429968646	-0.044991672888677947	-0.044985943773210108	-0.04498046098284772	-0.044973678475021706	-0.044965256816816929	-0.044954858855115451	-0.044941907505227308	-0.044925723587925917	-0.044905115315184055	-0.044877285931567215	
triceps-joint_elbow	moment_arm_node	5	-0.049372444370425594	-0.046688288257734495	-0.044909611827041437	-0.044934140231375028	-0.044955001255227972	-0.044969526389604955	-0.044981598281123719	-0.044990891601290592	-0.044997121161618886	-0.044999901169126902	-0.044998689498184793	-0.044992693256705588	-0.044986487860426111	-0.044977500567017312	-0.044966074265086434	-0.044951406500726682	-0.044932756821684364	-0.044909047300737998	-0.044886615871227803	-0.044899621473579371	-0.044915698230094905	-0.044932658362444949	-0.044949320395284154	-0.044965127383121251	-0.044979592210898187	-0.044987198582021604	-0.044992122026003487	-0.044995988101761197	-0.044998877161744527	-0.045000049464544306	-0.044998279429968716	-0.044991672888677836	-0.044985937082261757	-0.044980460982847609	-0.044973678475021636	-0.044965256816816998	-0.044954858855115437	-0.044941907505235051	-0.044925723587925917	-0.044905115315183958	-0.044877285931567104	
triceps-joint_elbow	moment_arm_node	6	-0.049372444370425608	-0.046688288257734425	-0.044909611827046142	-0.044934132113616604	-0.044954994105256996	-0.044969526389604886	-0.044981598281123691	-0.044990891601290703	-0.044997121161618955	-0.044999901169126902	-0.044998689498184849	-0.044992693256705671	-0.044986414135076563	-0.044977500567017256	-0.044966074265086475	-0.044951406500726793	-0.044932756821684447	-0.044909047300737984	-0.044886611609149724	-0.044899555019578485	-0.044915698230094989	-0.044932656494730536	-0.044949304393553144	-0.044965109211875048	-0.04497959211878283	-0.044987184236616101	-0.044992075574043125	-0.044995988101761114	-0.044998877161744527	-0.04500003272692589	-0.044998279429968688	-0.044991672888677794	-0.044985915130802398	-0.044980460982846832	-0.044973678475021636	-0.044965256816816984	-0.044954858855115409	-0.044941907505528358	-0.044925723587925875	-0.044905115315183958	-0.044877285931567049	
triceps-joint_elbow	moment_arm_node	7	-0.049372444370425692	-0.046688288257734314	-0.044909611827027393	-0.044934111170299385	-0.044954973509958557	-0.044969526389604886	-0.044981598281123816	-0.044990891601290647	-0.044997121161618886	-0.044999901169126874	-0.044998689498184835	-0.044992693256705601	-0.044986249129575759	-0.044977500567017256	-0.04496607426508642	-0.044951406500726779	-0.044932756821684378	-0.044909047300737928	-0.044886593025483479	-0.044899383602084258	-0.044915698230095003	-0.044932644129285826	-0.044949247896685793	-0.044965047590101448	-0.044979590820469664	-0.044987127622511364	-0.044991889361891815	-0.044995988101768511	-0.044998877161744513	-0.044999970346593726	-0.044998279429968646	-0.044991672888677822	-0.044985814034553401	-0.044980460982838366	-0.044973678475021595	-0.04496525681681697	-0.044954858855115423	-0.044941907490324978	-0.044925723587925889	-0.044905115315184013	-0.044877285931567062	
triceps-joint_elbow	moment_arm_node	8	-0.049372444370425705	-0.046688288257734342	-0.044909611819554981	-0.044934044434904244	-0.044954903414709049	-0.044969526389604886	-0.044981598281123844	-0.044990891601290647	-0.044997121161618928	-0.044999901169126846	-0.044998689498184807	-0.044992693256705601	-0.04498596747712276	-0.04497750056701727	-0.044966074265086448	-0.044951406500726737	-0.044932756821684433	-0.044909047300737942	-0.044870213715272389	-0.044805254753159343	-0.044728842320928039	-0.044642628398072995	-0.044545728629454523	-0.044435196513391464	-0.044306017827163396	-0.044218423057912751	-0.044147036881951235	-0.044067075135216544	-0.043975455532581947	-0.043868393601388264	-0.043740367522591916	-0.04358055814030283	-0.043490474897352971	-0.043421847696966359	-0.043347436224064714	-0.043266711527462545	-0.043178799349409921	-0.043254756285031407	-0.043395479542274892	-0.043482864146855246	-0.04349101824565222	
triceps-joint_elbow	moment_arm_node	9	-0.049372444370425692	-0.046688288257734301	-0.044905059839593128	-0.044776432493479817	-0.044647677280944556	-0.044538778265560588	-0.044424776569766511	-0.04430503516161359	-0.044178549367952819	-0.044043957316313942	-0.043899377322024702	-0.043742126064190701	-0.043638332629697518	-0.043531803978812372	-0.043418305014306463	-0.043296429707345846	-0.043163969854071983	-0.043017863368318102	-0.042847173939233575	-0.042692022535181298	-0.04251659619772525	-0.042322591432839153	-0.042107189255912961	-0.041864308802460996	-0.041584259218837141	-0.041396909864448432	-0.041245901493453002	-0.041077001700625546	-0.040885875752743744	-0.040773720651421881	-0.040671550239413906	-0.040425524518618874	-0.04054147438880977	-0.040770874480399004	-0.040975379424281463	-0.041150490014334226	-0.041291150308833902	-0.041563310927422721	-0.041861601328239829	-0.04205738864599496	-0.042101609411129927	
triceps-joint_elbow	moment_arm_node	10	-0.049372444370425712	-0.046688288257734294	-0.044429914323996719	-0.043466644895854771	-0.043189462686088198	-0.04311867056346684	-0.042991275784892015	-0.042803357769011972	-0.042549095746955291	-0.042219847807652908	-0.041802637495293227	-0.041277455451833367	-0.041145843900405515	-0.040993021177246972	-0.040797708988599572	-0.040551467279594716	-0.040242417697331494	-0.039852755977460338	-0.039396255902272415	-0.03936038030433902	-0.0392957216788275	-0.039193718798581037	-0.039040082609452714	-0.038813891329440152	-0.038482464379413779	-0.038458172804406547	-0.038574910885351928	-0.038662339760853287	-0.038708662907923096	-0.038803261518280875	-0.038857331769498377	-0.038679240904754275	-0.039087167594044368	-0.039679865261257871	-0.040232375317306744	-0.040736705914609248	-0.041184192690872208	-0.041563310919985191	-0.041861601328239843	-0.042057388645994974	-0.042101609411129934	
triceps-joint_elbow	moment_arm_node	11	-0.049372444370425712	-0.046688288257734321	-0.043958945566598163	-0.042312180608290069	-0.042036294282448192	-0.042127917636663612	-0.04211370574855787	-0.041987030052216261	-0.041737994504930195	-0.041351643877397676	-0.040805190814933431	-0.040063059319948469	-0.040000894852209319	-0.039900899341096224	-0.039726395838059536	-0.039463476727771764	-0.039092037718923008	-0.038581456512255786	-0.037954564148561375	-0.038050993670314552	-0.038104050415973735	-0.038099046672545961	-0.038012372539817957	-0.037808880192324978	-0.037432894459498191	-0.037576756390922228	-0.037965409347237383	-0.03831432659627676	-0.038603123470063096	-0.038800543315877151	-0.038857331770540286	-0.038679240904754261	-0.039087096898537767	-0.039679865261404691	-0.040232375317306758	-0.040736705914609241	-0.041184192690872222	-0.041563310919469777	-0.041861601328239843	-0.042057388645994974	-0.042101609411129934	
triceps-joint_elbow	moment_arm_node	12	-0.049372444370425719	-0.046688288257734314	-0.043958945566629534	-0.042312061286042646	-0.042036208922871465	-0.042127917636663632	-0.042113705748557863	-0.04198703005221624	-0.041737994504930195	-0.041351643877397627	-0.040805190814933445	-0.040063059319948448	-0.040000541198051173	-0.03990089934109628	-0.039726395838059543	-0.03946347672777175	-0.039092037718923035	-0.03858145651225578	-0.037954510169573921	-0.038050684249509331	-0.038104050415973735	-0.03809903217113781	-0.038012313069519112	-0.037808823049508632	-0.037432893376132148	-0.037576716524071643	-0.037965299600461397	-0.038314326596276781	-0.038603123470063103	-0.038800525821924003	-0.038857331770540335	-0.038679240904754254	-0.039087084840054853	-0.039679865261407973	-0.040232375317306751	-0.040736705914609234	-0.041184192690872215	-0.041563310919421587	-0.041861601328239857	-0.042057388645994981	-0.042101609411129913	
triceps-joint_elbow	moment_arm_node	13	-0.049372444370425705	-0.046688288257734321	-0.043958945566630013	-0.042312038468357932	-0.042036187939066952	-0.042127917636663646	-0.042113705748557877	-0.041987030052216233	-0.041737994504930195	-0.041351643877397662	-0.040805190814933445	-0.040063059319948462	-0.040000446527562496	-0.03990089934109628	-0.039726395838059515	-0.039463476727771736	-0.039092037718923021	-0.038581456512255759	-0.037954503949920788	-0.038050627313332051	-0.038104050415973728	-0.038099030672094907	-0.038012301658969655	-0.037808811353043946	-0.037432893349705759	-0.037576709080602434	-0.037965278832919551	-0.038314326596276746	-0.038603123470063096	-0.038800521883838285	-0.038857331770540321	-0.038679240904754268	-0.039087082080706978	-0.039679865261408209	-0.040232375317306737	-0.040736705914609248	-0.041184192690872201	-0.041563310919415848	-0.041861601328239864	-0.042057388645994974	-0.042101609411129927	
triceps-joint_elbow	moment_arm_node	14	-0.049372444370425705	-0.046688288257734308	-0.043958945566629999	-0.042312031482573113	-0.042036181929240531	-0.042127917636663632	-0.042113705748557863	-0.041987030052216247	-0.041737994504930195	-0.041351643877397669	-0.040805190814933452	-0.040063059319948462	-0.040000413444589794	-0.039900899341096266	-0.039726395838059522	-0.039463476727771715	-0.039092037718923028	-0.038581456512255773	-0.037954502767153231	-0.038050607183083798	-0.038104050415973735	-0.038099030414933767	-0.038012298728522777	-0.03780880817746006	-0.037432893346627541	-0.03757670742443453	-0.037965270726407548	-0.03831432659627669	-0.038603123470063103	-0.038800521097359493	-0.038857331770540335	-0.038679240904754261	-0.039087081772702703	-0.039679865261408237	-0.040232375317306779	-0.04073670591460922	-0.041184192690872215	-0.041563310919414537	-0.041861601328239843	-0.042057388645994981	-0.042101609411129941	
triceps-joint_elbow	moment_arm_node	15	-0.049372444370425733	-0.046688288257734314	-0.043958945566629944	-0.042312029403403915	-0.042036180412390323	-0.042127917636663653	-0.04211370574855787	-0.041987030052216268	-0.041737994504930195	-0.041351643877397669	-0.040805190814933445	-0.040063059319948469	-0.040000399223301564	-0.039900899341096294	-0.039726395838059522	-0.039463476727771757	-0.039092037718923014	-0.038581456512255773	-0.037954502639252333	-0.038050598503448912	-0.038104050415973714	-0.038099030347087989	-0.038012298461728662	-0.037808807830872232	-0.03743289334590863	-0.037576707392009898	-0.037965267047969528	-0.03831432659627667	-0.03860312347006311	-0.038800521276788458	-0.038857331770540335	-0.038679240904754268	-0.039087082161502903	-0.039679865261408223	-0.040232375317306779	-0.040736705914609227	-0.041184192690872208	-0.041563310919414405	-0.041861601328239843	-0.042057388645994974	-0.04210160941112992	
triceps-joint_elbow	moment_arm_node	16	-0.049372444370425719	-0.046688288257734342	-0.043958945566629951	-0.042312029168813201	-0.042036180519371275	-0.042127917636663667	-0.042113705748557898	-0.041987030052216226	-0.041737994504930209	-0.041351643877397662	-0.040805190814933417	-0.040063059319948482	-0.040000392613203144	-0.03990089934109628	-0.03972639583805955	-0.039463476727771729	-0.039092037718923014	-0.038581456512255773	-0.03795450256315868	-0.038050594348548079	-0.038104050415973735	-0.03809903032456146	-0.038012298880159591	-0.03780880823038555	-0.037432893345864963	-0.037576707821078872	-0.037965265785441932	-0.038314326596276767	-0.038603123470063103	-0.038800521720220006	-0.038857331770540307	-0.038679240904754261	-0.039087082652774385	-0.039679865261408209	-0.040232375317306751	-0.040736705914609241	-0.041184192690872208	-0.041563310919413184	-0.041861601328239857	-0.042057388645994974	-0.042101609411129927	
triceps-joint_elbow	moment_arm_node	17	-0.049372444370425726	-0.046688288257734328	-0.043958945566629923	-0.042312029618195288	-0.042036181150626198	-0.042127917636663639	-0.04211370574855787	-0.04198703005221624	-0.041737994504930223	-0.041351643877397655	-0.040805190814933452	-0.040063059319948448	-0.040000389474143874	-0.039900899341096273	-0.03972639583805955	-0.039463476727771722	-0.039092037718923021	-0.03858145651225578	-0.037954502442968469	-0.038050591898230603	-0.038104050415973749	-0.038099030315165809	-0.038012299234007799	-0.037808808723919181	-0.037432893346465407	-0.037576708259027425	-0.037965265152176519	-0.038314326596276871	-0.038603123470063089	-0.038800521838800443	-0.038857331770540307	-0.038679240904754254	-0.038899577085153347	-0.039281227634916489	-0.039656279320205101	-0.040021801425497307	-0.040374872015900273	-0.040711298263002307	-0.041028468520163841	-0.041322490355712428	-0.041584046150858478	
triceps-joint_elbow	moment_arm_node	18	-0.049372444370425726	-0.046688288257734301	-0.04395894556662993	-0.042312030254105987	-0.042036181810388401	-0.042127917636663646	-0.042113705748557877	-0.04198703005221624	-0.041737994504930202	-0.041351643877397662	-0.040805190814933459	-0.040063059319948469	-0.040000387900171117	-0.039900899341096287	-0.039726395838059529	-0.039463476727771736	-0.039092037718923008	-0.038581456512255766	-0.037954502367085148	-0.038050589736740317	-0.038104050415973742	-0.038099030302299768	-0.038012299155183081	-0.037808808430211546	-0.037432893335232295	-0.037436315415096594	-0.037659304154168599	-0.037888362726068103	-0.038117638552712968	-0.038337947478363762	-0.038535484097554466	-0.038683578372265201	-0.038797585687759685	-0.038920427511626138	-0.039046009828044792	-0.039172354657912793	-0.039296960175253193	-0.039416083735057374	-0.039524917181986467	-0.03961498736767198	-0.039667481572173473	
triceps-joint_elbow	moment_arm_node	19	-0.049372444370425719	-0.046688288257734328	-0.043958945566629958	-0.042312030860972932	-0.042036182332771004	-0.042127917636663639	-0.042113705748557904	-0.041987030052216254	-0.041737994504930188	-0.041351643877397669	-0.040805190838564813	-0.040063059342285837	-0.040000386454408579	-0.03990089934109628	-0.039726395838059536	-0.039463476727771729	-0.039092037718923014	-0.038581456508954476	-0.037946279727326296	-0.037959813739296591	-0.037981894857486237	-0.038009649410327903	-0.03803827353927821	-0.038059880237105909	-0.038061057205692854	-0.038036822423764619	-0.038018838338335345	-0.038007810885112805	-0.038002213628143655	-0.038000257263333323	-0.038000000042239641	-0.038000048554017007	-0.03800125354852666	-0.038009021876852789	-0.03802324830853774	-0.038043053638224154	-0.038067327889822346	-0.038094496695266114	-0.038122434498714088	-0.038147670172805619	-0.038163225345335415	
triceps-joint_elbow	moment_arm_node	20	-0.049372444370425726	-0.046688288257734335	-0.043958945566629964	-0.04231203132289385	-0.042036182706644817	-0.042127917636663646	-0.042113705748557884	-0.041987030052216254	-0.041737994504930209	-0.041351643877397683	-0.040805190841637209	-0.040063059348287258	-0.039963842408912723	-0.03988815924638401	-0.039809546118515969	-0.039727592948362069	-0.039640439247876406	-0.039543889459332383	-0.039431005679872469	-0.039329123030704558	-0.039240592951048467	-0.039167342209005376	-0.039112123122423244	-0.039079229954696398	-0.039075947265702127	-0.039014282683571752	-0.038928790416729808	-0.038855021538566639	-0.038794659906980125	-0.038750606740323948	-0.038727976850144424	-0.038737933788541477	-0.038679947825615173	-0.038601909478781969	-0.038530579047671321	-0.038466054989854642	-0.038408527725119664	-0.038358508413916664	-0.038316620472680488	-0.038284473462236998	-0.038266725582551703	
triceps-joint_elbow	moment_arm_node	21	-0.049372444370425719	-0.046688288257734321	-0.043958945566629958	-0.042312030739495674	-0.041989356564522191	-0.042024347763320674	-0.04203724190940536	-0.042029677781908276	-0.042002587054838531	-0.041955795964212769	-0.041887274801979124	-0.041791599096501916	-0.041699080926101875	-0.041614212892545084	-0.041539068612738379	-0.041477005116505455	-0.041432362392575736	-0.041411014151172987	-0.041411605101919727	-0.04131740571685294	-0.041232230957833564	-0.041159229277050867	-0.041102575435753262	-0.041068126721963666	-0.041064659220228825	-0.04099848138158145	-0.040903261602674726	-0.040817535406459458	-0.040744665231234718	-0.040689786998329036	-0.040660999773953779	-0.040673717472413128	-0.040598465980844871	-0.040492277398109289	-0.04038950940813732	-0.040290982038320447	-0.040197819757127107	-0.040111933614458903	-0.040035825486296292	-0.039974349025941006	-0.039939095183407658	
triceps-joint_elbow	moment_arm_node	22	-0.049372444370425733	-0.046688288257734314	-0.043958945566629964	-0.042424071713549921	-0.042276718592600737	-0.042303103383164974	-0.042324046024931963	-0.042340067578446425	-0.042351600345953672	-0.042358903301616214	-0.042361884547301221	-0.042359709127346427	-0.042373831961992015	-0.042384831398826414	-0.042392519535589111	-0.042397490612682935	-0.042400324159277261	-0.042401464937928984	-0.042401435363470498	-0.042404874844571755	-0.042405782595727283	-0.042404947313311424	-0.042403291353157922	-0.042401858192265274	-0.042401695830556196	-0.042397983445900241	-0.042390581075441178	-0.042381834457360698	-0.042372841553637089	-0.042365113944715239	-0.042360728635251012	-0.042362694198331677	-0.04235040805813263	-0.042330340493545483	-0.04230777568513315	-0.04228311193288526	-0.042256928327285212	-0.042230194088870111	-0.042204310039805217	-0.042181820044437768	-0.042168258370554587	
triceps-joint_elbow	moment_arm_node	23	-0.049372444370425719	-0.046688288257734314	-0.043958945566629958	-0.042526682422973569	-0.042554133323995089	-0.042637092892557613	-0.042700942141225079	-0.042748092253214701	-0.042780768948584236	-0.042800735653329251	-0.04280868813859727	-0.042802897514907748	-0.042839063399169229	-0.042863943591539298	-0.042878187766491674	-0.042884725851858936	-0.042886618614013709	-0.042886713610145392	-0.04288671812222266	-0.042881119084328345	-0.042867778744921904	-0.042850307645793999	-0.042832999489878301	-0.042820897661857801	-0.04281961358308943	-0.042792832726993885	-0.042746765308622467	-0.042697759936859564	-0.042650526277281692	-0.042611572256317301	-0.042589973481508725	-0.042599614293802775	-0.042540284574616782	-0.042447143743029388	-0.042346337298225373	-0.042239603673553415	-0.042129332841339996	-0.042019354924832157	-0.041914990837881555	-0.041825786988774864	-0.041772598011977524	
triceps-joint_elbow	moment_arm_node	24	-0.049372444370425733	-0.046688288257734314	-0.043958945566629964	-0.04252668205424831	-0.042554132997905766	-0.04263709289255762	-0.042700942141225065	-0.042748092253214708	-0.04278076894858427	-0.042800735653329237	-0.042808688138597277	-0.042802897514907769	-0.042839064897068589	-0.042863943591539319	-0.042878187766491667	-0.042884725851858922	-0.042886618614013702	-0.042886713610145406	-0.042886718110650472	-0.042881120694422695	-0.04286777874492189	-0.042850307659087761	-0.042832999469919412	-0.042820897628716645	-0.042819613584581216	-0.042792832629218076	-0.042746765920166949	-0.042697759936859009	-0.042650526277281692	-0.042611572219521728	-0.042589973481508711	-0.042599614293802754	-0.042540284588634646	-0.042447143743029353	-0.042346337298225373	-0.042239603673553429	-0.042129332841340003	-0.042019354924809849	-0.041914990837881541	-0.041825786988774878	-0.041772598011977545	
triceps-joint_elbow	moment_arm_node	25	-0.049372444370425747	-0.046688288257734328	-0.043958945566629978	-0.042526681796087262	-0.042554132798348208	-0.04263709289255762	-0.042700942141225051	-0.042748092253214721	-0.04278076894858425	-0.042800735653329244	-0.042808688138597298	-0.042802897514907762	-0.042839065228852141	-0.04286394359153934	-0.042878187766491667	-0.042884725851858894	-0.042886618614013661	-0.042886713610145434	-0.042886718099619962	-0.04288112116872423	-0.042867778744921863	-0.042850307660811937	-0.042832999391766331	-0.042820897504824443	-0.042819613584746986	-0.042792832475214301	-0.042746765756291077	-0.042697759936859037	-0.042650526277281692	-0.042611572036252252	-0.042589973481508669	-0.042599614293802726	-0.04254028439051695	-0.042447143743029367	-0.04234633729822538	-0.042239603673553464	-0.042129332841340031	-0.042019354924809807	-0.041914990837881506	-0.041825786988774878	-0.041772598011977566	
biceps-joint_elbow	moment_arm_node	1	0.030026447066652501	0.031753067584657318	0.033387683345059774	0.034796891008704561	0.035992433094477583	0.036994865493828202	0.037829626657070278	0.038240463495027049	0.038541635176344749	0.03882986047062964	0.039084096394196813	0.039862648385667193	0.042264338552510952	0.044518446785812432	0.046613552843521269	0.048538094364521972	0.050280381274396602	0.051828618810012883	0.053170941312565653	0.054295459123015644	0.055190321214518487	0.055843796468980564	0.056244376715734623	0.056380904754341252	0.056242730522611792	0.055819898273681959	0.055103367009544435	0.054085265392968276	0.052759180837197633	0.051120480380799763	0.049166658256508552	0.046897701780818049	0.04431646343691055	0.041429023023237879	0.038245019852901185	0.03517512633462698	0.034396101084541039	0.033466876147649288	0.032350052357304523	0.029540543227953714	0.025070108690358417	
biceps-joint_elbow	moment_arm_node	2	0.030026447034050233	0.031753068089668574	0.03338768163553503	0.034796892465314311	0.035992431812806022	0.036994865816344674	0.037829628180204841	0.038240464477895503	0.038541635176344749	0.03882986043017031	0.039084096394196743	0.039862648425136829	0.042264338552510938	0.044518446785812557	0.046613552843521186	0.048538094364522055	0.050280381274396671	0.051828618810012744	0.053170941312565709	0.054295459123015602	0.055190321214518487	0.055843796468980855	0.056244376715734762	0.056380904754341182	0.056242730522611487	0.055819898273681903	0.055103367009544504	0.054085265392968332	0.052759180837197536	0.051120480380799957	0.04916665825650865	0.046897701780817869	0.044316463436910578	0.041429023023237851	0.038245019852901435	0.035175126334626911	0.034396102548756385	0.033466877030068329	0.032350053108310517	0.029540544043726594	0.025070109084103315	
biceps-joint_elbow	moment_arm_node	3	0.030026447082017571	0.031753069364953201	0.033387675670963957	0.03479689537213089	0.0359924275145872	0.036994865664443863	0.03782963066396991	0.038240466026949582	0.038541635176344791	0.038829860365536858	0.039084096394196743	0.039862648528153966	0.042264338552510966	0.044518446785812529	0.046613552843521061	0.048538094364522139	0.050280381274396616	0.051828618810012661	0.053170941312565695	0.054295459123015588	0.055190321214518528	0.055843796468981008	0.056244376715734762	0.056380904754341113	0.056242730522611431	0.055819898273681917	0.055103367009544477	0.054085265392968485	0.052759180837197411	0.051120480380800137	0.049166658256508664	0.046897701780817716	0.044316463436910591	0.041429023023237976	0.038245019852901546	0.035175126334627771	0.034396105534908863	0.03346687900210539	0.032350054628603894	0.029540545758143064	0.025070109763624407	
biceps-joint_elbow	moment_arm_node	4	0.03002644751871561	0.031753071017607173	0.033387663142248156	0.034796896943472794	0.035992418884720004	0.036994863220887589	0.037829630814331897	0.038240465953444575	0.038541635176344832	0.038829860630914703	0.03908409639419673	0.039862648705262654	0.042264338552510952	0.044518446785812391	0.046613552843521172	0.048538094364522055	0.050280381274396505	0.051828618810012647	0.053170941312565639	0.054295459123015671	0.055190321214518528	0.055843796468980786	0.056244376715734665	0.056380904754341168	0.056242730522611611	0.055819898273682056	0.055103367009544379	0.054085265392968651	0.052759180837197314	0.051120480380800165	0.04916665825650865	0.046897701780817758	0.044316463436910536	0.041429023023238074	0.038245019852901477	0.03517512633463464	0.034396108338510686	0.033466881241831239	0.032350055996126378	0.029540547515401736	0.02507010989736351	
biceps-joint_elbow	moment_arm_node	5	0.030026448068561071	0.031753072282842743	0.033387639588673912	0.034796894223080521	0.035992403156425726	0.036994856472590279	0.037829625924460042	0.038240462379585755	0.038541635176344791	0.038829861493381912	0.039084096394196688	0.03986264901333611	0.042264338552510966	0.044518446785812391	0.046613552843521158	0.048538094364522041	0.050280381274396518	0.051828618810012661	0.053170941312565626	0.054295459123015671	0.055190321214518515	0.055843796468980869	0.056244376715734734	0.056380904754341168	0.056242730522611556	0.055819898273682139	0.055103367009544463	0.054085265392968596	0.052759180837197314	0.051120480380800179	0.049166658256508622	0.046897701780817716	0.04431646343691055	0.041429023023238046	0.038245019852901574	0.035175126334666629	0.034396110182432812	0.033466883259687191	0.03235005669108966	0.029540548955460794	0.025070108593942958	
biceps-joint_elbow	moment_arm_node	6	0.030026446525326142	0.031753071328425225	0.033387594022715419	0.034796882432331422	0.035992373743782835	0.036994841131524681	0.037829611395775412	0.038240452023354937	0.038541635176344791	0.038829862139201685	0.039084096394196702	0.039862649419276419	0.042264338552511035	0.04451844678581246	0.046613552843521075	0.048538094364522069	0.050280381274396546	0.051828618810012675	0.053170941312565639	0.054295459123015602	0.055190321214518542	0.055843796468980883	0.056244376715734734	0.056380904754341071	0.056242730522611528	0.055819898273682042	0.055103367009544463	0.054085265392968609	0.052759180837197384	0.051120480380800179	0.049166658256508608	0.046897701780817702	0.044316463436910564	0.041429023023238004	0.038245019852901546	0.035175126334796983	0.034396109905821648	0.033466883975769648	0.032350055855347809	0.029540549433882887	0.025070104377020813	
biceps-joint_elbow	moment_arm_node	7	0.030026434914273634	0.031753065476976483	0.033387484818485899	0.034796848504527939	0.035992309738718586	0.036994805764132999	0.037829573760722726	0.038240426182732587	0.038541635176344791	0.038829859947879505	0.03908409639419673	0.039862649806763323	0.042264338552511049	0.044518446785812446	0.046613552843521089	0.048538094364522014	0.050280381274396546	0.051828618810012675	0.053170941312565639	0.054295459123015588	0.055190321214518528	0.055843796468980897	0.056244376715734665	0.056380904754341085	0.056242730522611611	0.055819898273682042	0.055103367009544393	0.054085265392968665	0.052759180837197342	0.051120480380800082	0.049166658256508705	0.046897701780817758	0.044316463436910564	0.041429023023238032	0.038245019852901532	0.03517512633526472	0.034396105732256668	0.033466881371761556	0.032350052057801129	0.029540547816546511	0.02507009461616802	
biceps-joint_elbow	moment_arm_node	8	0.029743439567035838	0.031752923771283838	0.033386709000596482	0.034796727938903746	0.035991950923910311	0.036994692857241281	0.037829462665266683	0.038240334044740566	0.038541635176344805	0.038829846290942029	0.039084096394196778	0.039862649876257192	0.042264338552510973	0.044518446785812398	0.046613552843521054	0.048538094364522076	0.050280381274396546	0.051828618810012737	0.053170941312565632	0.054295459123015588	0.055190321214518577	0.055843796468980925	0.056244376715734623	0.05638090475434105	0.056242730522611632	0.055819898273682007	0.055103367009544428	0.054085265392968651	0.052759180837197349	0.05112048038080011	0.049166658256508664	0.046897701780817716	0.044316463436910564	0.041429023023238074	0.038245019852901477	0.035175126335684356	0.034396094394585519	0.033466872526396602	0.032350042570305049	0.029540541861174344	0.025070073485107688	
biceps-joint_elbow	moment_arm_node	9	0.026698657129158469	0.02925085996435086	0.031347576570817125	0.03319029704711652	0.034784087955475405	0.036135946187959921	0.037280826001205865	0.037924026777183262	0.038447439074139576	0.038829376109069384	0.039084096394198901	0.039862649357411718	0.042264338552510702	0.044518446785812446	0.046613552843521089	0.048538094364522069	0.050280381274396498	0.051828618810012772	0.053170941312565632	0.054295459123015553	0.055190321214518563	0.055843796468980932	0.056244376715734665	0.056380904754341009	0.056242730522611535	0.055819898273682021	0.055103367009544463	0.054085265392968707	0.052759180837197411	0.051120480380800117	0.049166658256508691	0.046897701780817744	0.044316463436910515	0.04142902302323806	0.038245019852901491	0.035175126295752424	0.03439606929650349	0.033466851945355799	0.032350020959494005	0.029540525915206339	0.025070022900010841	
biceps-joint_elbow	moment_arm_node	10	0.021495375664985474	0.024344042525261546	0.02694155781924152	0.029252538647540405	0.031278667352726143	0.033009930865480028	0.034492189625251378	0.035383640010227653	0.036140378892398996	0.036931603594943782	0.038279030868446556	0.03986264850558649	0.042264338552510258	0.044518446785812481	0.046613552843521103	0.048538094364522055	0.050280381274396525	0.051828618810012765	0.053170941312565619	0.05429545912301556	0.05519032121451848	0.055843796468980987	0.056244376715734637	0.056380904754340995	0.056242730522611535	0.055819898273682042	0.055103367009544477	0.054085265392968686	0.052759180837197391	0.051120480380800075	0.049166658256508712	0.046897701780817806	0.044316463436910467	0.04142902302323808	0.038245019852901532	0.03517512524382533	0.034396011277253863	0.033466800500985681	0.032349966008907494	0.029540474878005346	0.025069833109294837	
biceps-joint_elbow	moment_arm_node	11	0.016889138816787622	0.019792466655158179	0.022446451682064279	0.024814030179391537	0.026895345732240512	0.028677169277576187	0.030205990495860841	0.031546831661041067	0.03322096329852791	0.035029431994657662	0.03747305939693224	0.039862647894961092	0.042264338552509953	0.044518446785812446	0.046613552843521096	0.048538094364522076	0.050280381274396567	0.051828618810012772	0.053170941312565598	0.054295459123015519	0.055190321214518452	0.055843796468981022	0.056244376715734665	0.056380904754340981	0.05624273052261157	0.055819898273681987	0.055103367009544442	0.054085265392968679	0.052759180837197439	0.051120480380800082	0.04916665825650867	0.046897701780817758	0.044316463436910473	0.041429023023238101	0.038245019852901484	0.035175091282796514	0.034395858407190526	0.033466609088612355	0.032349626377997237	0.029369711157444751	0.023778871316831651	
biceps-joint_elbow	moment_arm_node	12	0.013321441612436924	0.016583707380047878	0.019532069269500713	0.02212164017050449	0.024346630041878592	0.026224490630759621	0.02778596733282835	0.029936569134361775	0.032520021503695831	0.035029315607335534	0.037473059396932316	0.039862647802301823	0.042264338552509897	0.044518446785812439	0.046613552843521082	0.048538094364522083	0.050280381274396525	0.051828618810012765	0.053170941312565584	0.054295459123015595	0.055190321214518438	0.055843796468981001	0.056244376715734679	0.056380904754341002	0.056242730522611577	0.055819898273681987	0.055103367009544442	0.054085265392968693	0.052759180837197425	0.051120480380800068	0.04916665825650865	0.046897701780817758	0.044316463436910501	0.041429023023238101	0.038245019852901428	0.034953631817686723	0.033077343454578391	0.032060923736914014	0.030788295767447606	0.027180166593051343	0.020368236344304444	
biceps-joint_elbow	moment_arm_node	13	0.011922521444338634	0.015525451600801703	0.018747503820763491	0.021537538786973683	0.023883610088232077	0.025836909158850844	0.027411366160558722	0.029936357147420149	0.032520021503697649	0.035029307683952557	0.037473059396932323	0.039862647994873449	0.042264338552509939	0.044518446785812446	0.046613552843521033	0.048538094364522083	0.050280381274396491	0.051828618810012758	0.053170941312565598	0.05429545912301556	0.055190321214518459	0.055843796468981001	0.056244376715734637	0.056380904754340988	0.05624273052261157	0.055819898273682028	0.055103367009544421	0.054085265392968693	0.052759180837197397	0.051120480380800075	0.049166658256508684	0.046897701780817758	0.044316463436910515	0.041429023023238115	0.038245019852901477	0.034732119440689782	0.031183730734524052	0.028883459278379452	0.027433072495524846	0.02331493461845547	0.016333289529160508	
biceps-joint_elbow	moment_arm_node	14	0.011922500525311044	0.015525437378815149	0.018747385561862284	0.021537498585293188	0.023883511679442925	0.025836854353413936	0.027411318905790075	0.029936329625536263	0.032520021503697691	0.035029306753318057	0.037473059396932323	0.039862648193247092	0.042264338552509939	0.044518446785812432	0.046613552843521103	0.048538094364522083	0.050280381274396498	0.051828618810012737	0.053170941312565639	0.054295459123015567	0.055190321214518459	0.055843796468981008	0.056244376715734595	0.056380904754340953	0.056242730522611556	0.055819898273682028	0.055103367009544414	0.054085265392968679	0.052759180837197391	0.051120480380800103	0.049166658256508684	0.046897701780817778	0.044316463436910446	0.041429023023238108	0.038245019852901484	0.034732092073591202	0.030609880265779203	0.026614638302164352	0.023987595901674777	0.019781642501956818	0.012683681118015891	
biceps-joint_elbow	moment_arm_node	15	0.011922498300375946	0.015525435814124435	0.018747359154270189	0.021537489306329313	0.023883489098530216	0.025836841242021551	0.027411303457830861	0.029936321819105775	0.032520021503697677	0.035029307070191404	0.037473059396932323	0.039862648325936875	0.042264338552509911	0.044518446785812446	0.04661355284352113	0.048538094364522055	0.050280381274396588	0.051828618810012737	0.053170941312565591	0.054295459123015616	0.055190321214518431	0.05584379646898105	0.056244376715734623	0.05638090475434096	0.056242730522611556	0.055819898273681959	0.055103367009544435	0.054085265392968693	0.052759180837197425	0.05112048038080011	0.049166658256508677	0.046897701780817758	0.044316463436910453	0.041429023023238122	0.038245019852901456	0.034732091959264771	0.03060979996820426	0.026118836720539162	0.021805513793304698	0.016545355964117013	0.0093708407835793456	
biceps-joint_elbow	moment_arm_node	16	0.011922498016908374	0.015525435800321501	0.018747350084145159	0.021537486971788526	0.023883480969988661	0.025836836838283712	0.02741129865554906	0.029936319416075489	0.032520021503697677	0.035029307368821913	0.037473059396932316	0.039862648396757183	0.042264338552509967	0.044518446785812425	0.046613552843521096	0.048538094364522028	0.050280381274396588	0.051828618810012786	0.053170941312565584	0.054295459123015546	0.055190321214518431	0.055843796468980987	0.056244376715734679	0.056380904754340981	0.056242730522611584	0.055819898273681959	0.055103367009544435	0.054085265392968651	0.052759180837197425	0.051120480380800123	0.049166658256508664	0.046897701780817772	0.04431646343691048	0.041429023023238115	0.038245019852901449	0.034732091972381279	0.030609771955442962	0.026118769601309294	0.021276315986447185	0.014918454332936378	0.0076555065932404562	
biceps-joint_elbow	moment_arm_node	17	0.01192249804959161	0.015525435967557658	0.018747346659548626	0.02153748678387974	0.023883477703316856	0.025836835427298709	0.027411297380038984	0.029936318963126114	0.03252002150369767	0.035029307443966554	0.037473059396932316	0.039862648429635987	0.042264338552509918	0.044518446785812425	0.046613552843521082	0.04853809436452209	0.050280381274396532	0.0518286188100128	0.053170941312565626	0.054295459123015553	0.055190321214518438	0.055843796468980987	0.056244376715734623	0.056380904754340981	0.056242730522611611	0.055819898273682014	0.055103367009544442	0.054085265392968679	0.052759180837197397	0.051120480380800089	0.049166658256508684	0.046897701780817758	0.044316463436910453	0.041429023023238074	0.038245019852901442	0.034732091974733981	0.030609760662055879	0.026118748821404754	0.021276247913098227	0.014839882208414971	0.0086477603927253982	
biceps-joint_elbow	moment_arm_node	18	0.011922498071817257	0.015525436176430329	0.018747345432963455	0.021537487172070734	0.023883476472149327	0.025836835126699702	0.027411297398192879	0.029936319195347016	0.032520021503697635	0.035029307436443419	0.037473059396932316	0.03986264844562936	0.042264338552509932	0.04451844678581246	0.046613552843521089	0.048538094364522083	0.050280381274396525	0.051828618810012751	0.053170941312565619	0.054295459123015567	0.055190321214518459	0.055843796468981022	0.05624437671573463	0.056380904754340981	0.056242730522611542	0.055819898273682	0.055103367009544449	0.054085265392968679	0.052759180837197384	0.051120480380800096	0.049166658256508719	0.046897701780817785	0.044316463436910446	0.041429023023238074	0.038245019852901449	0.034732091975179194	0.030609755787465158	0.026118740489941349	0.021276230604880642	0.014839872031337832	0.010840222769047045	
biceps-joint_elbow	moment_arm_node	19	0.011922498072279021	0.015525436283203298	0.018747345150448465	0.021537487553009414	0.023883476187609727	0.025836835221727545	0.027411297789360356	0.029936319562939878	0.032520021503697635	0.035029307443283614	0.037473059396932296	0.039862648454227267	0.042264338552343579	0.044518446785812467	0.046613552843521082	0.048538094364522048	0.050280381274396532	0.051828618810012758	0.053170941312565598	0.054295459123015546	0.055190321214518473	0.055843796468981001	0.056244376715734637	0.056380904754340981	0.056242730522611528	0.055819898273682007	0.055103367009544456	0.054085265392968672	0.052759180837197418	0.051120480380800144	0.049166658256508677	0.046897701780817778	0.044316463436910473	0.041429023023238122	0.038245019852901456	0.034732091975275173	0.030609753598923158	0.026118736896397769	0.021276228232711605	0.015495780195779362	0.012401097866322854	
biceps-joint_elbow	moment_arm_node	20	0.011922498078605325	0.015525436343750714	0.018747345003189652	0.021537487762309251	0.02388347599513483	0.025836835278011332	0.027411298065440744	0.029936319863450689	0.032520021503697656	0.035029307461115211	0.037473059396932289	0.039862648459757122	0.042264338552345154	0.044518446785812453	0.046613552843521089	0.048538094364522048	0.050280381274396539	0.051828618810012758	0.053170941312565591	0.054295459123015546	0.055190321214518424	0.055843796468980994	0.05624437671573463	0.056380904754340981	0.056242730522611584	0.055819898273682014	0.055103367009544428	0.054085265392968679	0.052759180837197432	0.051120480380800096	0.04916665825650867	0.046897701780817772	0.044316463436910473	0.041429023023238115	0.038245019852901449	0.034732091975298973	0.030609752719572871	0.026118736190316166	0.02127623756533412	0.016615460071812135	0.012898926404073297	
biceps-joint_elbow	moment_arm_node	21	0.011833345388292102	0.015405261834448368	0.018599795377271591	0.02137238305141401	0.023718648728169447	0.025723465319253083	0.027400086924086832	0.029936319676539491	0.032520021503697649	0.035029307476202483	0.037473059396932303	0.039862648464232556	0.042264338552513138	0.044518446785812453	0.046613552843521089	0.048538094364522069	0.050280381274396539	0.051828618810012765	0.053170941312565612	0.054295459123015581	0.055190321214518431	0.055843796468981022	0.056244376715734637	0.056380904754340988	0.056242730522611591	0.05581989827368198	0.055103367009544421	0.054085265392968679	0.052759180837197432	0.051120480380800096	0.049166658256508677	0.046897701780817772	0.044316463436910487	0.041429023023238101	0.038245019852901435	0.034732091975305794	0.030609752875353988	0.026118737722959209	0.021276254221086175	0.017079762568928764	0.012898950766687092	
biceps-joint_elbow	moment_arm_node	22	0.011749585629654349	0.015285368986199515	0.01844598521681556	0.021193383965260857	0.023530020384842559	0.025597906275784815	0.027388781627717147	0.02993631949184138	0.032520021503697649	0.035029307480619623	0.037473059396932303	0.039862648466399114	0.042264338552513138	0.044518446785812453	0.046613552843521103	0.048538094364522062	0.050280381274396539	0.051828618810012758	0.053170941312565598	0.054295459123015588	0.055190321214518459	0.055843796468981015	0.056244376715734637	0.056380904754340981	0.056242730522611542	0.055819898273681987	0.055103367009544435	0.0540852653929687	0.052759180837197411	0.051120480380800123	0.049166658256508698	0.046897701780817765	0.044316463436910453	0.041429023023238122	0.038245019852901463	0.03473209197530721	0.030609753914870856	0.026118740018450999	0.02127626522809719	0.017079768873609111	0.01289895371752587	
biceps-joint_elbow	moment_arm_node	23	0.011799169013540028	0.015338994670437131	0.018494424399169242	0.021227129488330398	0.023539848257284161	0.025597908438775116	0.027388782873449175	0.029936319510084231	0.032520021503697649	0.035029307475639045	0.037473059396932303	0.039862648464775371	0.042264338552513124	0.044518446785812453	0.046613552843521096	0.048538094364522055	0.050280381274396546	0.051828618810012758	0.053170941312565598	0.054295459123015574	0.055190321214518445	0.055843796468981022	0.056244376715734637	0.056380904754340988	0.056242730522611556	0.055819898273682	0.055103367009544435	0.054085265392968693	0.052759180837197397	0.05112048038080011	0.049166658256508705	0.046897701780817772	0.044316463436910439	0.041429023023238129	0.038245019852901463	0.034732091975307654	0.030609755068768601	0.026118741557572281	0.021276267956858344	0.017079769920954099	0.01289895419170007	
biceps-joint_elbow	moment_arm_node	24	0.011799169005217613	0.015338994622855326	0.01849442458090806	0.021227129326417606	0.023539848553788344	0.025597908381318292	0.027388782641808503	0.029936319292525937	0.032520021503697663	0.03502930746819409	0.037473059396932309	0.039862648460883068	0.042264338552513145	0.044518446785812453	0.046613552843521068	0.048538094364522055	0.050280381274396525	0.051828618810012751	0.053170941312565612	0.054295459123015567	0.055190321214518438	0.055843796468981022	0.056244376715734637	0.056380904754340988	0.05624273052261157	0.055819898273681993	0.055103367009544449	0.054085265392968686	0.052759180837197411	0.051120480380800096	0.049166658256508684	0.046897701780817772	0.044316463436910467	0.041429023023238108	0.038245019852901449	0.034732091975307869	0.030609755707675067	0.026118742107680663	0.02127626858050042	0.017079770252343168	0.012898954292190363	
biceps-joint_elbow	moment_arm_node	25	0.011799169002984916	0.015338994607649599	0.018494424580880364	0.021227129247431812	0.023539848537450905	0.025597908309402513	0.027388782516178184	0.029936319176744809	0.032520021503697677	0.03502930746323088	0.037473059396932337	0.039862648458706157	0.04226433855251318	0.044518446785812453	0.046613552843521047	0.048538094364522076	0.050280381274396518	0.051828618810012751	0.053170941312565612	0.054295459123015567	0.055190321214518438	0.055843796468981015	0.05624437671573463	0.056380904754340988	0.056242730522611577	0.055819898273682	0.055103367009544449	0.054085265392968665	0.052759180837197411	0.051120480380800123	0.049166658256508684	0.046897701780817772	0.044316463436910467	0.041429023023238108	0.038245019852901449	0.034732091975307883	0.030609755885462418	0.026118742200073812	0.021276268716546115	0.017079770365506144	0.012898954328907803	
